%YAML:1.0
---
model_type: PINHOLE
camera_name: camera
image_width: 640
image_height: 480
distortion_parameters:
   k1: -0.07015146608431883
   k2: 0.008586142263125124
   p1: -0.021968993685891842
   p2: 0.007442211946112636
projection_parameters:
   fx: 540.645056202188
   fy: 539.8545023658869
   cx: 626.4125666883942
   cy: 523.947634226782


# % Intrinsic, [opencv-matrix]
# data: [ 540.645056202188, 0., 626.4125666883942, 
#         0., 539.8545023658869, 523.947634226782, 
#         0., 0., 1. ]

# % Distortion Coefficients [opencv-matrix]
# data: [-0.07015146608431883, 0.008586142263125124, -0.021968993685891842, 0.007442211946112636]