%YAML:1.0
---
model_type: PINHOLE
camera_name: camera
image_width: 640
image_height: 480
distortion_parameters:
   k1: -0.07147685334620411
   k2: 0.006423830171528276
   p1: -0.02354604292216998
   p2: 0.009181757660952325
projection_parameters:
   fx: 540.6832252229977
   fy: 539.3921307247979
   cx: 632.9173957218305
   cy: 503.3766864767991

# % Intrinsic, [opencv-matrix]
# data: [ 540.6832252229977, 0., 632.9173957218305, 
#         0., 539.3921307247979, 503.3766864767991,
#         0., 0., 1. ]

# % Distortion Coefficients [opencv-matrix]
# data: [-0.07147685334620411, 0.006423830171528276, -0.02354604292216998, 0.009181757660952325]