%YAML:1.0
---
# Camera model type
#support: 1 imu 1 cam; 1 imu 2 cam: 2 cam; 
imu: 1         
num_of_cam: 1  

imu_topic: "/zed2i/zed_node/imu/data"
image0_topic: "/zed2i/zed_node/left/image_rect_gray"
# image1_topic: "/stereo/right/image_raw"
output_path: "/home/nlc20/output/"
yolo_topic: "/yolo"
mask_topic: "/mask"
yolo_freq: 4        # Hz
yolo_threshold: 0.45
yolo_show: 1        # publish yolo image as topic

cam0_calib: "cam0_pinhole.yaml"
# cam1_calib: "cam1_pinhole.yaml"
image_width: 1280
image_height: 720

# Extrinsic parameter between IMU and Camera.
estimate_extrinsic: 0   # 0  Have an accurate extrinsic parameters. We will trust the following imu^R_cam, imu^T_cam, don't change it.
                        # 1  Have an initial guess about extrinsic parameters. We will optimize around your initial guess.
      
body_T_cam0: !!opencv-matrix
    rows: 4
    cols: 4
    dt: d
    data: [0.01301095634388352, -0.005070623738001712, 0.9999024971415602, 0.03671615355111148,
            -0.9999097972900367, 0.003267771869320563, 0.01302762259241452, 0.02169026717979497,
            -0.003333511424589375, -0.9999818050554322, -0.005027649516865795, -0.0000578135929000942,
            0, 0, 0, 1]

# # extrinsic
# extrinsicRotation: !!opencv-matrix        # R^{imu}_{cam}
#    rows: 3
#    cols: 3
#    dt: d
#    data: [0.01301095634388352, -0.005070623738001712, 0.9999024971415602, 
#           -0.9999097972900367, 0.003267771869320563, 0.01302762259241452, 
#          -0.003333511424589375, -0.9999818050554322, -0.005027649516865795]
# extrinsicTranslation: !!opencv-matrix     # t^{imu}_{cam}
#    rows: 3
#    cols: 1
#    dt: d
#    data: [0.03671615355111148, 0.02169026717979497, -0.0000578135929000942]

#Multiple thread support
multiple_thread: 2

#feature traker paprameters
max_cnt: 150            # max feature number in feature tracking
min_dist: 30            # min distance between two features 
freq: 0                 # frequence (Hz) of publish tracking result. At least 10Hz for good estimation. If set 0, the frequence will be same as raw image 
F_threshold: 1.0        # ransac threshold (pixel)
show_track: 1           # publish tracking image as topic
flow_back: 1            # perform forward and backward optical flow to improve feature tracking accuracy

#optimization parameters
max_solver_time: 0.08  # max solver itration time (ms), to guarantee real time
max_num_iterations: 20   # max solver itrations, to guarantee real time
keyframe_parallax: 15.0 # keyframe selection threshold (pixel)

#imu parameters       The more accurate parameters you provide, the better performance
acc_n: 0.08          # accelerometer measurement noise standard deviation. #0.2   0.04
gyr_n: 0.005         # gyroscope measurement noise standard deviation.     #0.05  0.004
acc_w: 0.001         # accelerometer bias random work noise standard deviation.  #0.02
gyr_w: 0.0001       # gyroscope bias random work noise standard deviation.     #4.0e-5
g_norm: 9.81007     # gravity magnitude

#unsynchronization parameters
estimate_td: 0                      # online estimate time offset between camera and imu
td: 0.0                             # initial value of time offset. unit: s. readed image clock + td = real image clock (IMU clock)

#loop closure parameters
load_previous_pose_graph: 0        # load and reuse previous pose graph; load from 'pose_graph_save_path'
pose_graph_save_path: "~/output/pose_graph/" # save and load path
save_image: 1                   # save image in pose graph for visualization prupose; you can close this function by setting 0 
