%YAML:1.0
---
# common parameters
# support: 1 imu 1 cam; 1 imu 2 cam: 2 cam;
imu: 1
num_of_cam: 2

imu_topic: "/imu_raw"
image0_topic: "/kitti/camera_gray_left/image_raw"
image1_topic: "/kitti/camera_gray_right/image_raw"
output_path: "/home/nlc20/output/"
yolo_topic: "/yolo"
mask_topic: "/mask"
yolo_freq: 5        # Hz
yolo_threshold: 0.45
yolo_show: 1        # publish yolo image as topic

cam0_calib: "cam_09_30.yaml"
cam1_calib: "cam_09_30.yaml"
image_width: 1226
image_height: 370

# Extrinsic parameter between IMU and Camera.
estimate_extrinsic: 0   # 0  Have an accurate extrinsic parameters. We will trust the following imu^R_cam, imu^T_cam, don't change it.
                        # 1  Have an initial guess about extrinsic parameters. We will optimize around your initial guess.

body_T_cam0: !!opencv-matrix
   rows: 4
   cols: 4
   dt: d
   data: [-1.08863444e-03, -8.51207204e-03,  9.99963181e-01,  1.14389871e+00,
          -9.99976401e-01, -6.77767331e-03, -1.14634371e-03, -3.12718471e-01,
           6.78717906e-03, -9.99940733e-01, -8.50449205e-03,  7.26546045e-01,
           0.00000000e+00,  0.00000000e+00,  0.00000000e+00,  1.00000000e+00]
body_T_cam1: !!opencv-matrix
   rows: 4
   cols: 4
   dt: d
   data: [-1.08864123e-03, -8.51207153e-03,  9.99963157e-01,  1.14331392e+00,
          -9.99976475e-01, -6.77767449e-03, -1.14633857e-03, -8.49869111e-01,
           6.78718232e-03, -9.99940631e-01, -8.50449171e-03,  7.30191869e-01,
           0.00000000e+00,  0.00000000e+00,  0.00000000e+00,  1.00000000e+00]
# T_l2i_rect:  [[-1.08863444e-03 -8.51207204e-03  9.99963181e-01  1.14389871e+00]
#  [-9.99976401e-01 -6.77767331e-03 -1.14634371e-03 -3.12718471e-01]
#  [ 6.78717906e-03 -9.99940733e-01 -8.50449205e-03  7.26546045e-01]
#  [ 0.00000000e+00  0.00000000e+00  0.00000000e+00  1.00000000e+00]]
# T_r2i_rect:  [[-1.08864123e-03 -8.51207153e-03  9.99963157e-01  1.14331392e+00]
#  [-9.99976475e-01 -6.77767449e-03 -1.14633857e-03 -8.49869111e-01]
#  [ 6.78718232e-03 -9.99940631e-01 -8.50449171e-03  7.30191869e-01]
#  [ 0.00000000e+00  0.00000000e+00  0.00000000e+00  1.00000000e+00]]

# Multiple thread support
multiple_thread: 3

#feature traker paprameters
max_cnt: 200            # max feature number in feature tracking
min_dist: 30            # min distance between two features 
freq: 10                # frequence (Hz) of publish tracking result. At least 10Hz for good estimation. If set 0, the frequence will be same as raw image 
F_threshold: 1.0        # ransac threshold (pixel)
show_track: 1           # publish tracking image as topic
flow_back: 1            # perform forward and backward optical flow to improve feature tracking accuracy

#optimization parameters
max_solver_time: 0.08  # max solver itration time (s), to guarantee real time
max_num_iterations: 10   # max solver itrations, to guarantee real time
keyframe_parallax: 15 # keyframe selection threshold (pixel)

#imu parameters       The more accurate parameters you provide, the better performance
acc_n: 0.2          # accelerometer measurement noise standard deviation. #0.2   0.04
gyr_n: 0.01         # gyroscope measurement noise standard deviation.     #0.05  0.004
acc_w: 0.001         # accelerometer bias random work noise standard deviation.  #0.02
gyr_w: 1.0e-4       # gyroscope bias random work noise standard deviation.     #4.0e-5
g_norm: 9.81007     # gravity magnitude

#unsynchronization parameters
estimate_td: 0                      # online estimate time offset between camera and imu
td: 0.0                             # initial value of time offset. unit: s. readed image clock + td = real image clock (IMU clock)

#loop closure parameters
load_previous_pose_graph: 0        # load and reuse previous pose graph; load from 'pose_graph_save_path'
pose_graph_save_path: "~/output/pose_graph/" # save and load path
save_image: 1                   # save image in pose graph for visualization prupose; you can close this function by setting 0 
