T_l2i_rect:  [[ 9.98747016e-04  8.41690127e-03  9.99964108e-01  1.08330198e+00]
 [-9.99990478e-01 -4.25082354e-03  1.03455365e-03 -3.09888901e-01]
 [ 4.25937626e-03 -9.99955515e-01  8.41257580e-03  7.29919795e-01]
 [ 0.00000000e+00  0.00000000e+00  0.00000000e+00  1.00000000e+00]]
T_r2i_rect:  [[ 9.98748963e-04  8.41690092e-03  9.99964054e-01  1.08383848e+00]
 [-9.99990470e-01 -4.25082828e-03  1.03455524e-03 -8.47051453e-01]
 [ 4.25937866e-03 -9.99955568e-01  8.41257536e-03  7.32207795e-01]
 [ 0.00000000e+00  0.00000000e+00  0.00000000e+00  1.00000000e+00]]
Processing folder:  2011_09_28
T_l2i_rect:  [[-8.36752262e-04 -7.30493587e-03  9.99973057e-01  1.14262935e+00]
 [-9.99997741e-01 -1.97982380e-03 -8.51236606e-04 -3.29822262e-01]
 [ 1.98597640e-03 -9.99971329e-01 -7.30326204e-03  7.40662526e-01]
 [ 0.00000000e+00  0.00000000e+00  0.00000000e+00  1.00000000e+00]]
T_r2i_rect:  [[-8.36760779e-04 -7.30493589e-03  9.99973063e-01  1.14217988e+00]
 [-9.99997752e-01 -1.97982479e-03 -8.51235813e-04 -8.66973715e-01]
 [ 1.98598200e-03 -9.99971363e-01 -7.30326251e-03  7.41729301e-01]
 [ 0.00000000e+00  0.00000000e+00  0.00000000e+00  1.00000000e+00]]
Processing folder:  2011_09_29
T_l2i_rect:  [[ 0.00561574 -0.00505344  0.9999715   1.07765476]
 [-0.99997625 -0.004029    0.00559541 -0.31292011]
 [ 0.00400061 -0.9999791  -0.00507595  0.73963013]
 [ 0.          0.          0.          1.        ]]
T_r2i_rect:  [[ 0.00561574 -0.00505344  0.9999715   1.08067174]
 [-0.99997626 -0.004029    0.00559542 -0.85014413]
 [ 0.0040006  -0.99997907 -0.00507595  0.7417794 ]
 [ 0.          0.          0.          1.        ]]
Processing folder:  2011_09_30
T_l2i_rect:  [[-1.08863444e-03 -8.51207204e-03  9.99963181e-01  1.14389871e+00]
 [-9.99976401e-01 -6.77767331e-03 -1.14634371e-03 -3.12718471e-01]
 [ 6.78717906e-03 -9.99940733e-01 -8.50449205e-03  7.26546045e-01]
 [ 0.00000000e+00  0.00000000e+00  0.00000000e+00  1.00000000e+00]]
T_r2i_rect:  [[-1.08864123e-03 -8.51207153e-03  9.99963157e-01  1.14331392e+00]
 [-9.99976475e-01 -6.77767449e-03 -1.14633857e-03 -8.49869111e-01]
 [ 6.78718232e-03 -9.99940631e-01 -8.50449171e-03  7.30191869e-01]
 [ 0.00000000e+00  0.00000000e+00  0.00000000e+00  1.00000000e+00]]
Processing folder:  2011_10_03
T_l2i_rect:  [[ 0.00119669 -0.00924124  0.99995667  1.10224312]
 [-0.99997659 -0.00674881  0.00113434 -0.31907194]
 [ 0.00673803 -0.99993452 -0.0092491   0.74606588]
 [ 0.          0.          0.          1.        ]]
T_r2i_rect:  [[ 0.00119669 -0.00924124  0.9999566   1.10288596]
 [-0.99997662 -0.00674881  0.00113434 -0.85624373]
 [ 0.00673803 -0.99993447 -0.0092491   0.74968545]
 [ 0.          0.          0.          1.        ]]