%YAML:1.0
---
model_type: PINHOLE
camera_name: camera
image_width: 1280
image_height: 560
distortion_parameters:
   k1: -0.050040485769466
   k2: 0.120012171706205
   p1: -0.063505208000120
   p2: -0.000625980590610
   k3: -0.001182506391485
projection_parameters:
    fx: 8.164022147406490e+02
    fy: 8.173838856280948e+02
    cx: 6.088265842758262e+02
    cy: 2.666886565243942e+02
# -0.050040485769466   0.120012171706205  -0.063505208000120

#   -0.000625980590610  -0.001182506391485

#    1.0e+02 *

#    8.164022147406490  -0.023882017758445   6.088265842758262
#                    0   8.173838856280948   2.666886565243942
#                    0                   0   0.010000000000000


