%YAML:1.0
---
model_type: PINHOLE
camera_name: camera
image_width: 1280
image_height: 560
distortion_parameters:
   k1: -0.059498796880638
   k2: 0.160636771245718
   p1: -0.109523735768226
   p2: 0.000458582956153
   k3: -0.001756108153677
projection_parameters:
  fx: 8.157355518270393e+02
  fy: 8.16901382122716e+02
  cx: 6.055182375656236e+02
  cy: 2.588642428488068e+02
#   -0.059498796880638   0.160636771245718  -0.109523735768226

#    0.000458582956153  -0.001756108153677

#    1.0e+02 *

#    8.157355518270393  -0.024178989085992   6.055182375656236
#                    0   8.169013821227162   2.588642428488068
#                    0                   0   0.010000000000000