%YAML:1.0
---
# common parameters
# support: 1 imu 1 cam; 1 imu 2 cam: 2 cam;
imu: 1
num_of_cam: 2

imu_topic: "/imu/data_raw"
image0_topic: "/stereo/left/image_raw"
image1_topic: "/stereo/right/image_raw"
output_path: "/home/nlc20/output/"
yolo_topic: "/yolo"
mask_topic: "/mask"
yolo_freq: 5        # Hz
yolo_threshold: 0.35
yolo_show: 1        # publish yolo image as topic

cam0_calib: "cam0_pinhole39.yaml"
cam1_calib: "cam1_pinhole39.yaml"
image_width: 1280
image_height: 560

# Extrinsic parameter between IMU and Camera.
estimate_extrinsic: 0   # 0  Have an accurate extrinsic parameters. We will trust the following imu^R_cam, imu^T_cam, don't change it.
                        # 1  Have an initial guess about extrinsic parameters. We will optimize around your initial guess.

# The following extrinsic parameters are calculated by the calibration data provided by KAIST.
body_T_cam0: !!opencv-matrix
    rows: 4
    cols: 4
    dt: d
    data: [0.00681,-0.01532,0.99987,1.71239,
            -0.99998,0.00033,-0.00680,0.24740,
            -0.00023,-0.99988,-0.01532,-0.11589,
            0,0,0,1]

body_T_cam1: !!opencv-matrix
    rows: 4
    cols: 4
    dt: d
    data: [-0.00373,-0.01192,0.99993,1.70555,
            -0.99999,-0.00158,-0.00375,-0.23408,
            0.00162,-0.99993,-0.01192,-0.11617,
            0,0,0,1]
    # data: [-0.01036,-0.01075,0.99990,1.70544,
    #         -0.99994,-0.00178,-0.01038,-0.22770,
    #         0.00189,-0.99994,-0.01073,-0.11611,
    #         0,0,0,1]

# T_C1toI = 
# -0.01036,-0.01075,0.99990,1.70544,
# -0.99994,-0.00178,-0.01038,-0.22770,
# 0.00189,-0.99994,-0.01073,-0.11611,
# 0.00000,0.00000,0.00000,1.00000

# Multiple thread support
multiple_thread: 3

# feature traker paprameters
max_cnt: 200            # max feature number in feature tracking
min_dist: 30            # min distance between two features
freq: 0                # frequence (Hz) of publish tracking result. At least 10Hz for good estimation. If set 0, the frequence will be same as raw image
F_threshold: 1.0        # ransac threshold (pixel)
show_track: 1           # publish tracking image as topic
flow_back: 1            # perform forward and backward optical flow to improve feature tracking accuracy

# optimization parameters
max_solver_time: 0.08  # max solver itration time (s), to guarantee real time
max_num_iterations: 20   # max solver itrations, to guarantee real time
keyframe_parallax: 15 # keyframe selection threshold (pixel)

#imu parameters       The more accurate parameters you provide, the better performance
acc_n: 0.15          # accelerometer measurement noise standard deviation. #0.2   0.04
gyr_n: 0.002         # gyroscope measurement noise standard deviation.     #0.05  0.004
acc_w: 0.005         # accelerometer bias random work noise standard deviation.  #0.02
gyr_w: 0.0001       # gyroscope bias random work noise standard deviation.     #4.0e-5
g_norm: 9.81007     # gravity magnitude

#unsynchronization parameters
estimate_td: 0                      # online estimate time offset between camera and imu
td: 0.0                             # initial value of time offset. unit: s. readed image clock + td = real image clock (IMU clock)

#loop closure parameters
load_previous_pose_graph: 0        # load and reuse previous pose graph; load from 'pose_graph_save_path'
pose_graph_save_path: "~/output/pose_graph/" # save and load path
save_image: 1                   # save image in pose graph for visualization prupose; you can close this function by setting 0 
