urban26-dongtan
T_C0toI = 
-0.00681,-0.01532,0.99987,1.71239,
-0.99998,0.00033,-0.00680,0.24740,
-0.00023,-0.99988,-0.01532,-0.11589,
0.00000,0.00000,0.00000,1.00000
T_C1toI = 
-0.01036,-0.01075,0.99990,1.70544,
-0.99994,-0.00178,-0.01038,-0.22770,
0.00189,-0.99994,-0.01073,-0.11611,
0.00000,0.00000,0.00000,1.00000
 
urban27-dongtan
T_C0toI = 
-0.00681,-0.01532,0.99987,1.71239,
-0.99998,0.00033,-0.00680,0.24740,
-0.00023,-0.99988,-0.01532,-0.11589,
0.00000,0.00000,0.00000,1.00000
T_C1toI = 
-0.01036,-0.01075,0.99990,1.70544,
-0.99994,-0.00178,-0.01038,-0.22770,
0.00189,-0.99994,-0.01073,-0.11611,
0.00000,0.00000,0.00000,1.00000
 
urban28-pankyo
T_C0toI = 
-0.00681,-0.01532,0.99987,1.71239,
-0.99998,0.00033,-0.00680,0.24740,
-0.00023,-0.99988,-0.01532,-0.11589,
0.00000,0.00000,0.00000,1.00000
T_C1toI = 
-0.01036,-0.01075,0.99990,1.70544,
-0.99994,-0.00178,-0.01038,-0.22770,
0.00189,-0.99994,-0.01073,-0.11611,
0.00000,0.00000,0.00000,1.00000
 
urban32-yeouido
T_C0toI = 
-0.00681,-0.01532,0.99987,1.71239,
-0.99998,0.00033,-0.00680,0.24740,
-0.00023,-0.99988,-0.01532,-0.11589,
0.00000,0.00000,0.00000,1.00000
T_C1toI = 
-0.01036,-0.01075,0.99990,1.70544,
-0.99994,-0.00178,-0.01038,-0.22770,
0.00189,-0.99994,-0.01073,-0.11611,
0.00000,0.00000,0.00000,1.00000
 
urban33-yeouido
T_C0toI = 
-0.00681,-0.01532,0.99987,1.71239,
-0.99998,0.00033,-0.00680,0.24740,
-0.00023,-0.99988,-0.01532,-0.11589,
0.00000,0.00000,0.00000,1.00000
T_C1toI = 
-0.01036,-0.01075,0.99990,1.70544,
-0.99994,-0.00178,-0.01038,-0.22770,
0.00189,-0.99994,-0.01073,-0.11611,
0.00000,0.00000,0.00000,1.00000
 
urban34-yeouido
T_C0toI = 
-0.00681,-0.01532,0.99987,1.71239,
-0.99998,0.00033,-0.00680,0.24740,
-0.00023,-0.99988,-0.01532,-0.11589,
0.00000,0.00000,0.00000,1.00000
T_C1toI = 
-0.01036,-0.01075,0.99990,1.70544,
-0.99994,-0.00178,-0.01038,-0.22770,
0.00189,-0.99994,-0.01073,-0.11611,
0.00000,0.00000,0.00000,1.00000
 
urban38-pankyo
T_C0toI = 
-0.00681,-0.01532,0.99987,1.71239,
-0.99998,0.00033,-0.00680,0.24740,
-0.00023,-0.99988,-0.01532,-0.11589,
0.00000,0.00000,0.00000,1.00000
T_C1toI = 
-0.00373,-0.01192,0.99993,1.70555,
-0.99999,-0.00158,-0.00375,-0.23408,
0.00162,-0.99993,-0.01192,-0.11617,
0.00000,0.00000,0.00000,1.00000
 
urban39-pankyo
T_C0toI = 
-0.00681,-0.01532,0.99987,1.71239,
-0.99998,0.00033,-0.00680,0.24740,
-0.00023,-0.99988,-0.01532,-0.11589,
0.00000,0.00000,0.00000,1.00000
T_C1toI = 
-0.00373,-0.01192,0.99993,1.70555,
-0.99999,-0.00158,-0.00375,-0.23408,
0.00162,-0.99993,-0.01192,-0.11617,
0.00000,0.00000,0.00000,1.00000